attempt    K    arraySize    mergeSortTime    hybridSortTime
0    0    5000    0.006858    0.007001
0    1    5000    0.006554    0.005930
0    2    5000    0.006292    0.005397
0    3    5000    0.005931    0.005211
0    4    5000    0.005589    0.004483
0    5    5000    0.005594    0.004392
0    6    5000    0.005307    0.004282
0    7    5000    0.005308    0.004286
0    8    5000    0.005301    0.004245
0    9    5000    0.005302    0.004074
0    10    5000    0.005297    0.004081
0    11    5000    0.005298    0.004068
0    12    5000    0.005298    0.004077
0    13    5000    0.005303    0.004071
0    14    5000    0.005298    0.004078
0    15    5000    0.005298    0.004071
0    16    5000    0.005302    0.004072
0    17    5000    0.005298    0.004059
0    18    5000    0.005302    0.004056
0    19    5000    0.005296    0.004036
0    20    5000    0.005299    0.004046
0    21    5000    0.005295    0.004041
0    22    5000    0.005299    0.004015
0    23    5000    0.005298    0.004030
0    24    5000    0.005301    0.004043
0    25    5000    0.005290    0.004027
0    26    5000    0.005299    0.004032
0    27    5000    0.005306    0.004027
0    28    5000    0.005302    0.004027
0    29    5000    0.005301    0.004033
0    30    5000    0.005298    0.004054
0    31    5000    0.005291    0.004029
0    32    5000    0.005291    0.003992
0    33    5000    0.005301    0.004020
0    34    5000    0.005303    0.004031
0    35    5000    0.005296    0.004039
0    36    5000    0.005291    0.004034
0    37    5000    0.005300    0.004043
0    38    5000    0.005301    0.004374
0    39    5000    0.005297    0.004412
0    40    5000    0.005300    0.004427
0    41    5000    0.005297    0.004386
0    42    5000    0.005300    0.004432
0    43    5000    0.005314    0.004424
0    44    5000    0.005283    0.004401
0    45    5000    0.005300    0.004354
0    46    5000    0.005295    0.004398
0    47    5000    0.005298    0.004406
0    48    5000    0.005297    0.004420
0    49    5000    0.005297    0.004436
0    50    5000    0.005297    0.004421
0    51    5000    0.005301    0.004420
0    52    5000    0.005306    0.004395
0    53    5000    0.005297    0.004376
0    54    5000    0.005299    0.004415
0    55    5000    0.005296    0.004434
0    56    5000    0.005302    0.004400
0    57    5000    0.005291    0.004414
0    58    5000    0.005297    0.004413
0    59    5000    0.005301    0.004422
0    60    5000    0.005298    0.004409
0    61    5000    0.005300    0.004414
0    62    5000    0.005300    0.004386
0    63    5000    0.005299    0.004415
0    64    5000    0.005292    0.004417
0    65    5000    0.005299    0.004428
0    66    5000    0.005304    0.004425
0    67    5000    0.005300    0.004379
0    68    5000    0.005403    0.004422
0    69    5000    0.005301    0.004461
0    70    5000    0.005316    0.004444
0    71    5000    0.005306    0.004400
0    72    5000    0.005295    0.004402
0    73    5000    0.005300    0.004418
0    74    5000    0.005302    0.004406
0    75    5000    0.005304    0.004428
0    76    5000    0.005301    0.004409
0    77    5000    0.005295    0.005385
0    78    5000    0.005303    0.005599
0    79    5000    0.005303    0.005561
0    80    5000    0.005295    0.005650
1    0    5000    0.005301    0.005524
1    1    5000    0.005300    0.004990
1    2    5000    0.005298    0.004716
1    3    5000    0.005296    0.004660
1    4    5000    0.005301    0.004289
1    5    5000    0.005299    0.004284
1    6    5000    0.005302    0.004290
1    7    5000    0.005296    0.004288
1    8    5000    0.005304    0.004240
1    9    5000    0.005298    0.004073
1    10    5000    0.005306    0.004078
1    11    5000    0.005292    0.004060
1    12    5000    0.005303    0.004072
1    13    5000    0.005298    0.004069
1    14    5000    0.005300    0.004067
1    15    5000    0.005301    0.004077
1    16    5000    0.005303    0.004072
1    17    5000    0.005296    0.004064
1    18    5000    0.005291    0.004034
1    19    5000    0.005300    0.004044
1    20    5000    0.005300    0.004021
1    21    5000    0.005302    0.004034
1    22    5000    0.005295    0.004041
1    23    5000    0.005300    0.004048
1    24    5000    0.005305    0.004030
1    25    5000    0.005303    0.004046
1    26    5000    0.005305    0.004045
1    27    5000    0.005299    0.004029
1    28    5000    0.005299    0.004041
1    29    5000    0.005298    0.004052
1    30    5000    0.005304    0.004028
1    31    5000    0.005304    0.004033
1    32    5000    0.005305    0.004038
1    33    5000    0.005288    0.004037
1    34    5000    0.005299    0.004057
1    35    5000    0.005304    0.004037
1    36    5000    0.005297    0.004034
1    37    5000    0.005303    0.004044
1    38    5000    0.005297    0.004398
1    39    5000    0.005298    0.004403
1    40    5000    0.005304    0.004376
1    41    5000    0.005302    0.004394
1    42    5000    0.005308    0.004415
1    43    5000    0.005299    0.004429
1    44    5000    0.005296    0.004420
1    45    5000    0.005310    0.004418
1    46    5000    0.005302    0.004421
1    47    5000    0.005301    0.004400
1    48    5000    0.005301    0.004419
1    49    5000    0.005303    0.004421
1    50    5000    0.005297    0.004366
1    51    5000    0.005300    0.004412
1    52    5000    0.005298    0.004422
1    53    5000    0.005297    0.004450
1    54    5000    0.005306    0.004422
1    55    5000    0.005304    0.004392
1    56    5000    0.005291    0.004440
1    57    5000    0.005293    0.004418
1    58    5000    0.005299    0.004419
1    59    5000    0.005301    0.004412
1    60    5000    0.005301    0.004388
1    61    5000    0.005294    0.004374
1    62    5000    0.005292    0.004399
1    63    5000    0.005298    0.004403
1    64    5000    0.005296    0.004417
1    65    5000    0.005291    0.004365
1    66    5000    0.005297    0.004441
1    67    5000    0.005296    0.004402
1    68    5000    0.005301    0.004411
1    69    5000    0.005304    0.004398
1    70    5000    0.005294    0.004407
1    71    5000    0.005297    0.004429
1    72    5000    0.005300    0.004435
1    73    5000    0.005301    0.004405
1    74    5000    0.005291    0.004408
1    75    5000    0.005296    0.004404
1    76    5000    0.005305    0.004405
1    77    5000    0.005306    0.005475
1    78    5000    0.005289    0.005625
1    79    5000    0.005292    0.005637
1    80    5000    0.005299    0.005558
2    0    5000    0.005303    0.005531
2    1    5000    0.005297    0.004992
2    2    5000    0.005299    0.004701
2    3    5000    0.005302    0.004661
2    4    5000    0.005299    0.004284
2    5    5000    0.005296    0.004286
2    6    5000    0.005297    0.004281
2    7    5000    0.005300    0.004281
2    8    5000    0.005296    0.004242
2    9    5000    0.005297    0.004076
2    10    5000    0.005298    0.004073
2    11    5000    0.005305    0.004070
2    12    5000    0.005301    0.004062
2    13    5000    0.005301    0.004065
2    14    5000    0.005293    0.004070
2    15    5000    0.005299    0.004074
2    16    5000    0.005302    0.004076
2    17    5000    0.005309    0.004071
2    18    5000    0.005310    0.004065
2    19    5000    0.005300    0.004049
2    20    5000    0.005304    0.004022
2    21    5000    0.005299    0.004041
2    22    5000    0.005302    0.004038
2    23    5000    0.005301    0.004035
2    24    5000    0.005297    0.004038
2    25    5000    0.005292    0.004028
2    26    5000    0.005294    0.004053
2    27    5000    0.005301    0.004029
2    28    5000    0.005303    0.004005
2    29    5000    0.005304    0.004038
2    30    5000    0.005294    0.004034
2    31    5000    0.005293    0.004043
2    32    5000    0.005295    0.004015
2    33    5000    0.005302    0.004059
2    34    5000    0.005301    0.004038
2    35    5000    0.005302    0.004036
2    36    5000    0.005298    0.004036
2    37    5000    0.005298    0.004032
2    38    5000    0.005303    0.004394
2    39    5000    0.005300    0.004407
2    40    5000    0.005294    0.004426
2    41    5000    0.005300    0.004413
2    42    5000    0.005297    0.004424
2    43    5000    0.005309    0.004414
2    44    5000    0.005297    0.004417
2    45    5000    0.005297    0.004424
2    46    5000    0.005294    0.004386
2    47    5000    0.005300    0.004413
2    48    5000    0.005302    0.004419
2    49    5000    0.005301    0.004428
2    50    5000    0.005297    0.004401
2    51    5000    0.005298    0.004408
2    52    5000    0.005301    0.004417
2    53    5000    0.005301    0.004365
2    54    5000    0.005293    0.004427
2    55    5000    0.005294    0.004391
2    56    5000    0.005312    0.004430
2    57    5000    0.005300    0.004394
2    58    5000    0.005292    0.004445
2    59    5000    0.005296    0.004399
2    60    5000    0.005292    0.004382
2    61    5000    0.005302    0.004415
2    62    5000    0.005300    0.004394
2    63    5000    0.005296    0.004412
2    64    5000    0.005297    0.004406
2    65    5000    0.005296    0.004396
2    66    5000    0.005305    0.004411
2    67    5000    0.005295    0.004400
2    68    5000    0.005294    0.004451
2    69    5000    0.005290    0.004418
2    70    5000    0.005313    0.004370
2    71    5000    0.005298    0.004397
2    72    5000    0.005302    0.004424
2    73    5000    0.005296    0.004386
2    74    5000    0.005297    0.004391
2    75    5000    0.005297    0.004378
2    76    5000    0.005301    0.004410
2    77    5000    0.005295    0.005421
2    78    5000    0.005302    0.005636
2    79    5000    0.005304    0.005624
2    80    5000    0.005294    0.005586
3    0    5000    0.005300    0.005522
3    1    5000    0.005295    0.004984
3    2    5000    0.005298    0.004702
3    3    5000    0.005291    0.004661
3    4    5000    0.005301    0.004294
3    5    5000    0.005303    0.004290
3    6    5000    0.005297    0.004286
3    7    5000    0.005297    0.004289
3    8    5000    0.005298    0.004245
3    9    5000    0.005305    0.004085
3    10    5000    0.005299    0.004069
3    11    5000    0.005293    0.004073
3    12    5000    0.005302    0.004068
3    13    5000    0.005302    0.004072
3    14    5000    0.005295    0.004067
3    15    5000    0.005302    0.004067
3    16    5000    0.005299    0.004074
3    17    5000    0.005297    0.004047
3    18    5000    0.005297    0.004056
3    19    5000    0.005300    0.004018
3    20    5000    0.005296    0.004024
3    21    5000    0.005302    0.004037
3    22    5000    0.005293    0.004042
3    23    5000    0.005297    0.004042
3    24    5000    0.005300    0.004038
3    25    5000    0.005302    0.003982
3    26    5000    0.005300    0.004026
3    27    5000    0.005294    0.003987
3    28    5000    0.005298    0.004042
3    29    5000    0.005295    0.004042
3    30    5000    0.005300    0.004048
3    31    5000    0.005302    0.004040
3    32    5000    0.005300    0.004035
3    33    5000    0.005295    0.004039
3    34    5000    0.005302    0.004043
3    35    5000    0.005300    0.004034
3    36    5000    0.005298    0.004025
3    37    5000    0.005303    0.004033
3    38    5000    0.005292    0.004393
3    39    5000    0.005294    0.004433
3    40    5000    0.005307    0.004417
3    41    5000    0.005298    0.004391
3    42    5000    0.005302    0.004401
3    43    5000    0.005298    0.004362
3    44    5000    0.005296    0.004404
3    45    5000    0.005307    0.004393
3    46    5000    0.005300    0.004448
3    47    5000    0.005297    0.004423
3    48    5000    0.005304    0.004430
3    49    5000    0.005307    0.004405
3    50    5000    0.005297    0.004415
3    51    5000    0.005302    0.004408
3    52    5000    0.005296    0.004419
3    53    5000    0.005299    0.004424
3    54    5000    0.005297    0.004420
3    55    5000    0.005301    0.004420
3    56    5000    0.005299    0.004405
3    57    5000    0.005293    0.004425
3    58    5000    0.005305    0.004392
3    59    5000    0.005304    0.004410
3    60    5000    0.005301    0.004420
3    61    5000    0.005297    0.004437
3    62    5000    0.005300    0.004431
3    63    5000    0.005293    0.004406
3    64    5000    0.005298    0.004406
3    65    5000    0.005298    0.004410
3    66    5000    0.005300    0.004427
3    67    5000    0.005301    0.004402
3    68    5000    0.005306    0.004395
3    69    5000    0.005300    0.004439
3    70    5000    0.005299    0.004392
3    71    5000    0.005294    0.004432
3    72    5000    0.005300    0.004412
3    73    5000    0.005299    0.004397
3    74    5000    0.005299    0.004416
3    75    5000    0.005295    0.004411
3    76    5000    0.005304    0.004404
3    77    5000    0.005306    0.005420
3    78    5000    0.005290    0.005575
3    79    5000    0.005297    0.005588
3    80    5000    0.005296    0.005564
4    0    5000    0.005298    0.005530
4    1    5000    0.005296    0.004997
4    2    5000    0.005308    0.004708
4    3    5000    0.005299    0.004654
4    4    5000    0.005294    0.004299
4    5    5000    0.005297    0.004292
4    6    5000    0.005305    0.004282
4    7    5000    0.005298    0.004261
4    8    5000    0.005296    0.004189
4    9    5000    0.005300    0.004079
4    10    5000    0.005298    0.004070
4    11    5000    0.005304    0.004071
4    12    5000    0.005303    0.004061
4    13    5000    0.005300    0.004075
4    14    5000    0.005304    0.004074
4    15    5000    0.005295    0.004063
4    16    5000    0.005304    0.004070
4    17    5000    0.005300    0.004068
4    18    5000    0.005301    0.004061
4    19    5000    0.005294    0.004041
4    20    5000    0.005288    0.004042
4    21    5000    0.005296    0.004043
4    22    5000    0.005303    0.004039
4    23    5000    0.005299    0.004044
4    24    5000    0.005293    0.004025
4    25    5000    0.005298    0.004032
4    26    5000    0.005295    0.004020
4    27    5000    0.005307    0.004041
4    28    5000    0.005300    0.004035
4    29    5000    0.005306    0.004041
4    30    5000    0.005302    0.004047
4    31    5000    0.005299    0.004034
4    32    5000    0.005302    0.004048
4    33    5000    0.005303    0.004046
4    34    5000    0.005301    0.004041
4    35    5000    0.005291    0.004037
4    36    5000    0.005295    0.004036
4    37    5000    0.005296    0.004037
4    38    5000    0.005303    0.004388
4    39    5000    0.005300    0.004401
4    40    5000    0.005299    0.004406
4    41    5000    0.005303    0.004394
4    42    5000    0.005300    0.004387
4    43    5000    0.005305    0.004396
4    44    5000    0.005302    0.004379
4    45    5000    0.005297    0.004429
4    46    5000    0.005296    0.004423
4    47    5000    0.005298    0.004413
4    48    5000    0.005309    0.004414
4    49    5000    0.005294    0.004393
4    50    5000    0.005297    0.004407
4    51    5000    0.005296    0.004403
4    52    5000    0.005298    0.004407
4    53    5000    0.005302    0.004425
4    54    5000    0.005295    0.004412
4    55    5000    0.005297    0.004396
4    56    5000    0.005298    0.004429
4    57    5000    0.005299    0.004410
4    58    5000    0.005292    0.004424
4    59    5000    0.005301    0.004401
4    60    5000    0.005294    0.004426
4    61    5000    0.005300    0.004428
4    62    5000    0.005302    0.004421
4    63    5000    0.005298    0.004387
4    64    5000    0.005294    0.004405
4    65    5000    0.005296    0.004407
4    66    5000    0.005301    0.004420
4    67    5000    0.005297    0.004399
4    68    5000    0.005300    0.004430
4    69    5000    0.005296    0.004419
4    70    5000    0.005303    0.004403
4    71    5000    0.005298    0.004415
4    72    5000    0.005299    0.004407
4    73    5000    0.005296    0.004406
4    74    5000    0.005300    0.004422
4    75    5000    0.005307    0.004422
4    76    5000    0.005303    0.004411
4    77    5000    0.005303    0.005436
4    78    5000    0.005299    0.005571
4    79    5000    0.005300    0.005617
4    80    5000    0.005293    0.005571
5    0    5000    0.005301    0.005524
5    1    5000    0.005298    0.004974
5    2    5000    0.005292    0.004706
5    3    5000    0.005294    0.004665
5    4    5000    0.005301    0.004277
5    5    5000    0.005305    0.004295
5    6    5000    0.005296    0.004287
5    7    5000    0.005299    0.004299
5    8    5000    0.005303    0.004247
5    9    5000    0.005299    0.004070
5    10    5000    0.005306    0.004072
5    11    5000    0.005298    0.004071
5    12    5000    0.005293    0.004067
5    13    5000    0.005301    0.004066
5    14    5000    0.005299    0.004061
5    15    5000    0.005297    0.004066
5    16    5000    0.005297    0.004064
5    17    5000    0.005296    0.004071
5    18    5000    0.005295    0.004067
5    19    5000    0.005292    0.004042
5    20    5000    0.005304    0.004041
5    21    5000    0.005300    0.004046
5    22    5000    0.005296    0.004026
5    23    5000    0.005298    0.004037
5    24    5000    0.005303    0.004034
5    25    5000    0.005306    0.004041
5    26    5000    0.005297    0.004026
5    27    5000    0.005295    0.004032
5    28    5000    0.005298    0.004044
5    29    5000    0.005289    0.004029
5    30    5000    0.005302    0.004047
5    31    5000    0.005301    0.004026
5    32    5000    0.005304    0.004036
5    33    5000    0.005297    0.004044
5    34    5000    0.005300    0.004055
5    35    5000    0.005296    0.004039
5    36    5000    0.005303    0.004044
5    37    5000    0.005295    0.004027
5    38    5000    0.005300    0.004379
5    39    5000    0.005298    0.004437
5    40    5000    0.005297    0.004419
5    41    5000    0.005302    0.004400
5    42    5000    0.005303    0.004442
5    43    5000    0.005294    0.004424
5    44    5000    0.005295    0.004389
5    45    5000    0.005304    0.004418
5    46    5000    0.005299    0.004375
5    47    5000    0.005304    0.004439
5    48    5000    0.005295    0.004395
5    49    5000    0.005302    0.004425
5    50    5000    0.005298    0.004402
5    51    5000    0.005303    0.004399
5    52    5000    0.005296    0.004403
5    53    5000    0.005297    0.004439
5    54    5000    0.005305    0.004408
5    55    5000    0.005303    0.004429
5    56    5000    0.005298    0.004419
5    57    5000    0.005297    0.004394
5    58    5000    0.005298    0.004395
5    59    5000    0.005304    0.004409
5    60    5000    0.005300    0.004408
5    61    5000    0.005296    0.004387
5    62    5000    0.005299    0.004399
5    63    5000    0.005293    0.004399
5    64    5000    0.005305    0.004352
5    65    5000    0.005307    0.004419
5    66    5000    0.005302    0.004385
5    67    5000    0.005297    0.004358
5    68    5000    0.005295    0.004406
5    69    5000    0.005302    0.004430
5    70    5000    0.005301    0.004416
5    71    5000    0.005298    0.004420
5    72    5000    0.005300    0.004393
5    73    5000    0.005308    0.004391
5    74    5000    0.005293    0.004399
5    75    5000    0.005298    0.004449
5    76    5000    0.005302    0.004429
5    77    5000    0.005296    0.005464
5    78    5000    0.005296    0.005633
5    79    5000    0.005298    0.005580
5    80    5000    0.005300    0.005652
6    0    5000    0.005296    0.005480
6    1    5000    0.005293    0.004990
6    2    5000    0.005297    0.004695
6    3    5000    0.005302    0.004658
6    4    5000    0.005296    0.004288
6    5    5000    0.005299    0.004290
6    6    5000    0.005296    0.004275
6    7    5000    0.005301    0.004283
6    8    5000    0.005294    0.004235
6    9    5000    0.005300    0.004089
6    10    5000    0.005302    0.004070
6    11    5000    0.005301    0.004065
6    12    5000    0.005299    0.004065
6    13    5000    0.005302    0.004071
6    14    5000    0.005296    0.004074
6    15    5000    0.005297    0.004073
6    16    5000    0.005307    0.004069
6    17    5000    0.005299    0.004079
6    18    5000    0.005299    0.004042
6    19    5000    0.005298    0.004043
6    20    5000    0.005296    0.004042
6    21    5000    0.005301    0.003970
6    22    5000    0.005300    0.004016
6    23    5000    0.005297    0.004031
6    24    5000    0.005293    0.004038
6    25    5000    0.005297    0.004043
6    26    5000    0.005299    0.004039
6    27    5000    0.005308    0.004046
6    28    5000    0.005301    0.004043
6    29    5000    0.005302    0.004035
6    30    5000    0.005297    0.004034
6    31    5000    0.005298    0.004033
6    32    5000    0.005296    0.004045
6    33    5000    0.005297    0.004039
6    34    5000    0.005306    0.004041
6    35    5000    0.005290    0.004027
6    36    5000    0.005295    0.004047
6    37    5000    0.005296    0.004021
6    38    5000    0.005305    0.004378
6    39    5000    0.005300    0.004396
6    40    5000    0.005296    0.004418
6    41    5000    0.005298    0.004385
6    42    5000    0.005303    0.004394
6    43    5000    0.005299    0.004389
6    44    5000    0.005303    0.004377
6    45    5000    0.005297    0.004408
6    46    5000    0.005292    0.004404
6    47    5000    0.005302    0.004404
6    48    5000    0.005308    0.004405
6    49    5000    0.005296    0.004415
6    50    5000    0.005292    0.004391
6    51    5000    0.005299    0.004417
6    52    5000    0.005304    0.004440
6    53    5000    0.005300    0.004389
6    54    5000    0.005297    0.004405
6    55    5000    0.005295    0.004419
6    56    5000    0.005299    0.004414
6    57    5000    0.005301    0.004396
6    58    5000    0.005304    0.004414
6    59    5000    0.005292    0.004425
6    60    5000    0.005292    0.004412
6    61    5000    0.005299    0.004383
6    62    5000    0.005298    0.004447
6    63    5000    0.005299    0.004435
6    64    5000    0.005299    0.004414
6    65    5000    0.005299    0.004446
6    66    5000    0.005298    0.004408
6    67    5000    0.005295    0.004389
6    68    5000    0.005299    0.004445
6    69    5000    0.005294    0.004418
6    70    5000    0.005300    0.004365
6    71    5000    0.005302    0.004397
6    72    5000    0.005295    0.004420
6    73    5000    0.005294    0.004436
6    74    5000    0.005305    0.004417
6    75    5000    0.005311    0.004407
6    76    5000    0.005300    0.004408
6    77    5000    0.005299    0.005446
6    78    5000    0.005300    0.005600
6    79    5000    0.005300    0.005619
6    80    5000    0.005296    0.005581
7    0    5000    0.005302    0.005526
7    1    5000    0.005302    0.004990
7    2    5000    0.005292    0.004705
7    3    5000    0.005296    0.004663
7    4    5000    0.005301    0.004294
7    5    5000    0.005305    0.004283
7    6    5000    0.005301    0.004286
7    7    5000    0.005298    0.004283
7    8    5000    0.005298    0.004241
7    9    5000    0.005301    0.004078
7    10    5000    0.005304    0.004062
7    11    5000    0.005299    0.004074
7    12    5000    0.005298    0.004077
7    13    5000    0.005301    0.004068
7    14    5000    0.005302    0.004078
7    15    5000    0.005297    0.004074
7    16    5000    0.005275    0.004066
7    17    5000    0.005302    0.004066
7    18    5000    0.005301    0.004060
7    19    5000    0.005304    0.004032
7    20    5000    0.005299    0.004034
7    21    5000    0.005303    0.004040
7    22    5000    0.005297    0.004039
7    23    5000    0.005300    0.004039
7    24    5000    0.005301    0.004048
7    25    5000    0.005301    0.004028
7    26    5000    0.005301    0.004036
7    27    5000    0.005295    0.003967
7    28    5000    0.005295    0.004033
7    29    5000    0.005295    0.004032
7    30    5000    0.005299    0.004046
7    31    5000    0.005298    0.004038
7    32    5000    0.005303    0.004042
7    33    5000    0.005294    0.004040
7    34    5000    0.005293    0.004043
7    35    5000    0.005301    0.004028
7    36    5000    0.005297    0.004033
7    37    5000    0.005299    0.004031
7    38    5000    0.005292    0.004400
7    39    5000    0.005294    0.004401
7    40    5000    0.005298    0.004412
7    41    5000    0.005303    0.004418
7    42    5000    0.005305    0.004389
7    43    5000    0.005289    0.004395
7    44    5000    0.005288    0.004441
7    45    5000    0.005301    0.004412
7    46    5000    0.005300    0.004437
7    47    5000    0.005297    0.004420
7    48    5000    0.005295    0.004409
7    49    5000    0.005315    0.004419
7    50    5000    0.005299    0.004403
7    51    5000    0.005301    0.004415
7    52    5000    0.005292    0.004419
7    53    5000    0.005298    0.004406
7    54    5000    0.005301    0.004421
7    55    5000    0.005299    0.004353
7    56    5000    0.005294    0.004414
7    57    5000    0.005299    0.004423
7    58    5000    0.005302    0.004401
7    59    5000    0.005302    0.004396
7    60    5000    0.005301    0.004425
7    61    5000    0.005296    0.004438
7    62    5000    0.005295    0.004426
7    63    5000    0.005306    0.004434
7    64    5000    0.005295    0.004414
7    65    5000    0.005299    0.004407
7    66    5000    0.005294    0.004424
7    67    5000    0.005304    0.004410
7    68    5000    0.005298    0.004424
7    69    5000    0.005296    0.004410
7    70    5000    0.005299    0.004365
7    71    5000    0.005300    0.004416
7    72    5000    0.005305    0.004416
7    73    5000    0.005312    0.004420
7    74    5000    0.005297    0.004401
7    75    5000    0.005297    0.004408
7    76    5000    0.005301    0.004396
7    77    5000    0.005304    0.005435
7    78    5000    0.005296    0.005594
7    79    5000    0.005295    0.005574
7    80    5000    0.005302    0.005597
8    0    5000    0.005291    0.005523
8    1    5000    0.005290    0.004996
8    2    5000    0.005308    0.004709
8    3    5000    0.005297    0.004650
8    4    5000    0.005301    0.004295
8    5    5000    0.005294    0.004290
8    6    5000    0.005302    0.004287
8    7    5000    0.005302    0.004286
8    8    5000    0.005297    0.004237
8    9    5000    0.005299    0.004078
8    10    5000    0.005294    0.004077
8    11    5000    0.005303    0.004066
8    12    5000    0.005307    0.004069
8    13    5000    0.005301    0.004069
8    14    5000    0.005303    0.004069
8    15    5000    0.005294    0.004074
8    16    5000    0.005305    0.004072
8    17    5000    0.005302    0.004066
8    18    5000    0.005299    0.004049
8    19    5000    0.005302    0.004053
8    20    5000    0.005299    0.004057
8    21    5000    0.005301    0.004027
8    22    5000    0.005304    0.004057
8    23    5000    0.005301    0.004032
8    24    5000    0.005295    0.004035
8    25    5000    0.005300    0.004032
8    26    5000    0.005297    0.004042
8    27    5000    0.005299    0.004028
8    28    5000    0.005306    0.004037
8    29    5000    0.005295    0.004029
8    30    5000    0.005291    0.004046
8    31    5000    0.005296    0.004036
8    32    5000    0.005298    0.004044
8    33    5000    0.005302    0.004028
8    34    5000    0.005299    0.004030
8    35    5000    0.005301    0.003991
8    36    5000    0.005299    0.004032
8    37    5000    0.005292    0.004036
8    38    5000    0.005296    0.004380
8    39    5000    0.005298    0.004427
8    40    5000    0.005297    0.004420
8    41    5000    0.005295    0.004430
8    42    5000    0.005295    0.004416
8    43    5000    0.005296    0.004419
8    44    5000    0.005301    0.004413
8    45    5000    0.005299    0.004412
8    46    5000    0.005296    0.004428
8    47    5000    0.005301    0.004385
8    48    5000    0.005296    0.004396
8    49    5000    0.005289    0.004383
8    50    5000    0.005294    0.004429
8    51    5000    0.005300    0.004349
8    52    5000    0.005298    0.004452
8    53    5000    0.005306    0.004411
8    54    5000    0.005300    0.004415
8    55    5000    0.005291    0.004413
8    56    5000    0.005308    0.004408
8    57    5000    0.005298    0.004414
8    58    5000    0.005296    0.004429
8    59    5000    0.005305    0.004419
8    60    5000    0.005299    0.004424
8    61    5000    0.005303    0.004392
8    62    5000    0.005299    0.004407
8    63    5000    0.005296    0.004431
8    64    5000    0.005291    0.004395
8    65    5000    0.005302    0.004443
8    66    5000    0.005306    0.004397
8    67    5000    0.005303    0.004410
8    68    5000    0.005297    0.004412
8    69    5000    0.005300    0.004399
8    70    5000    0.005301    0.004424
8    71    5000    0.005300    0.004380
8    72    5000    0.005297    0.004403
8    73    5000    0.005296    0.004402
8    74    5000    0.005301    0.004424
8    75    5000    0.005296    0.004404
8    76    5000    0.005303    0.004430
8    77    5000    0.005300    0.005438
8    78    5000    0.005296    0.005546
8    79    5000    0.005303    0.005566
8    80    5000    0.005299    0.005602
9    0    5000    0.005302    0.005524
9    1    5000    0.005297    0.004977
9    2    5000    0.005292    0.004711
9    3    5000    0.005291    0.004658
9    4    5000    0.005305    0.004294
9    5    5000    0.005306    0.004292
9    6    5000    0.005296    0.004286
9    7    5000    0.005293    0.004285
9    8    5000    0.005302    0.004245
9    9    5000    0.005306    0.004069
9    10    5000    0.005297    0.004060
9    11    5000    0.005294    0.004072
9    12    5000    0.005294    0.004076
9    13    5000    0.005298    0.004063
9    14    5000    0.005298    0.004068
9    15    5000    0.005303    0.004069
9    16    5000    0.005299    0.004072
9    17    5000    0.005293    0.004062
9    18    5000    0.005298    0.004058
9    19    5000    0.005307    0.004032
9    20    5000    0.005301    0.004044
9    21    5000    0.005298    0.004029
9    22    5000    0.005299    0.004039
9    23    5000    0.005295    0.004034
9    24    5000    0.005301    0.004038
9    25    5000    0.005302    0.004046
9    26    5000    0.005299    0.004033
9    27    5000    0.005299    0.004028
9    28    5000    0.005298    0.004016
9    29    5000    0.005297    0.004046
9    30    5000    0.005300    0.004040
9    31    5000    0.005300    0.004030
9    32    5000    0.005295    0.004044
9    33    5000    0.005303    0.004001
9    34    5000    0.005301    0.004042
9    35    5000    0.005305    0.004036
9    36    5000    0.005301    0.004033
9    37    5000    0.005303    0.004036
9    38    5000    0.005309    0.004412
9    39    5000    0.005297    0.004461
9    40    5000    0.005310    0.004403
9    41    5000    0.005308    0.004409
9    42    5000    0.005302    0.004400
9    43    5000    0.005294    0.004407
9    44    5000    0.005298    0.004426
9    45    5000    0.005296    0.004443
9    46    5000    0.005301    0.004429
9    47    5000    0.005297    0.004397
9    48    5000    0.005296    0.004449
9    49    5000    0.005304    0.004421
9    50    5000    0.005305    0.004436
9    51    5000    0.005300    0.004414
9    52    5000    0.005297    0.004431
9    53    5000    0.005297    0.004402
9    54    5000    0.005295    0.004393
9    55    5000    0.005300    0.004457
9    56    5000    0.005296    0.004415
9    57    5000    0.005292    0.004404
9    58    5000    0.005303    0.004417
9    59    5000    0.005299    0.004404
9    60    5000    0.005291    0.004417
9    61    5000    0.005297    0.004431
9    62    5000    0.005298    0.004428
9    63    5000    0.005300    0.004441
9    64    5000    0.005295    0.004415
9    65    5000    0.005298    0.004408
9    66    5000    0.005297    0.004397
9    67    5000    0.005296    0.004398
9    68    5000    0.005300    0.004423
9    69    5000    0.005300    0.004416
9    70    5000    0.005290    0.004368
9    71    5000    0.005293    0.004419
9    72    5000    0.005299    0.004399
9    73    5000    0.005297    0.004422
9    74    5000    0.005295    0.004410
9    75    5000    0.005297    0.004406
9    76    5000    0.005302    0.004405
9    77    5000    0.005302    0.005453
9    78    5000    0.005295    0.005598
9    79    5000    0.005281    0.005597
9    80    5000    0.005300    0.005577
