attempt    arraySize    insertionSortTime    mergeSortTime    diffTime
0    20    0.000005    0.000012    0.000007
0    21    0.000005    0.000011    0.000006
0    22    0.000006    0.000011    0.000005
0    23    0.000006    0.000012    0.000006
0    24    0.000008    0.000012    0.000004
0    25    0.000006    0.000013    0.000007
0    26    0.000009    0.000013    0.000004
0    27    0.000008    0.000014    0.000006
0    28    0.000008    0.000014    0.000006
0    29    0.000008    0.000015    0.000007
0    30    0.000008    0.000016    0.000008
0    31    0.000009    0.000017    0.000008
0    32    0.000010    0.000017    0.000007
0    33    0.000011    0.000017    0.000006
0    34    0.000009    0.000018    0.000009
0    35    0.000014    0.000019    0.000005
0    36    0.000014    0.000020    0.000006
0    37    0.000013    0.000020    0.000007
0    38    0.000012    0.000021    0.000009
0    39    0.000015    0.000022    0.000007
0    40    0.000017    0.000022    0.000005
0    41    0.000015    0.000022    0.000007
0    42    0.000016    0.000024    0.000008
0    43    0.000018    0.000025    0.000007
0    44    0.000019    0.000025    0.000006
0    45    0.000019    0.000026    0.000007
0    46    0.000019    0.000026    0.000007
0    47    0.000016    0.000027    0.000011
0    48    0.000022    0.000027    0.000005
0    49    0.000021    0.000028    0.000007
0    50    0.000022    0.000028    0.000006
0    51    0.000025    0.000029    0.000004
0    52    0.000026    0.000030    0.000004
0    53    0.000027    0.000031    0.000004
0    54    0.000023    0.000031    0.000008
0    55    0.000028    0.000033    0.000005
0    56    0.000030    0.000032    0.000002
0    57    0.000028    0.000034    0.000006
0    58    0.000030    0.000035    0.000005
0    59    0.000026    0.000035    0.000009
0    60    0.000029    0.000036    0.000007
0    61    0.000031    0.000037    0.000006
0    62    0.000034    0.000038    0.000004
0    63    0.000032    0.000038    0.000006
0    64    0.000036    0.000038    0.000002
0    65    0.000039    0.000039    0.000000
0    66    0.000033    0.000040    0.000007
0    67    0.000040    0.000041    0.000001
0    68    0.000037    0.000042    0.000005
0    69    0.000039    0.000042    0.000003
0    70    0.000046    0.000044    0.000002
0    71    0.000045    0.000044    0.000001
0    72    0.000050    0.000045    0.000005
0    73    0.000048    0.000045    0.000003
0    74    0.000046    0.000046    0.000000
0    75    0.000050    0.000046    0.000004
0    76    0.000049    0.000047    0.000002
0    77    0.000048    0.000048    0.000000
0    78    0.000058    0.000048    0.000010
0    79    0.000059    0.000050    0.000009
0    80    0.000057    0.000050    0.000007
0    81    0.000054    0.000050    0.000004
0    82    0.000062    0.000051    0.000011
0    83    0.000049    0.000052    0.000003
0    84    0.000066    0.000053    0.000013
0    85    0.000066    0.000054    0.000012
0    86    0.000065    0.000053    0.000012
0    87    0.000065    0.000054    0.000011
0    88    0.000067    0.000055    0.000012
0    89    0.000065    0.000056    0.000009
0    90    0.000070    0.000057    0.000013
0    91    0.000084    0.000058    0.000026
0    92    0.000079    0.000058    0.000021
0    93    0.000075    0.000060    0.000015
0    94    0.000074    0.000060    0.000014
0    95    0.000083    0.000060    0.000023
0    96    0.000080    0.000061    0.000019
0    97    0.000084    0.000062    0.000022
0    98    0.000086    0.000063    0.000023
0    99    0.000083    0.000064    0.000019
0    100    0.000085    0.000064    0.000021
0    101    0.000090    0.000065    0.000025
0    102    0.000086    0.000067    0.000019
0    103    0.000100    0.000067    0.000033
0    104    0.000097    0.000068    0.000029
0    105    0.000090    0.000069    0.000021
0    106    0.000106    0.000070    0.000036
0    107    0.000093    0.000070    0.000023
0    108    0.000093    0.000071    0.000022
0    109    0.000107    0.000071    0.000036
0    110    0.000114    0.000073    0.000041
0    111    0.000097    0.000074    0.000023
0    112    0.000117    0.000075    0.000042
0    113    0.000113    0.000074    0.000039
0    114    0.000107    0.000075    0.000032
0    115    0.000102    0.000076    0.000026
0    116    0.000114    0.000077    0.000037
0    117    0.000105    0.000079    0.000026
0    118    0.000125    0.000079    0.000046
0    119    0.000121    0.000081    0.000040
0    120    0.000135    0.000081    0.000054
0    121    0.000120    0.000082    0.000038
0    122    0.000122    0.000083    0.000039
0    123    0.000130    0.000081    0.000049
0    124    0.000119    0.000083    0.000036
0    125    0.000133    0.000084    0.000049
0    126    0.000137    0.000084    0.000053
0    127    0.000127    0.000084    0.000043
0    128    0.000139    0.000085    0.000054
0    129    0.000140    0.000087    0.000053
0    130    0.000150    0.000087    0.000063
0    131    0.000149    0.000089    0.000060
0    132    0.000136    0.000089    0.000047
0    133    0.000170    0.000091    0.000079
0    134    0.000153    0.000092    0.000061
0    135    0.000152    0.000093    0.000059
0    136    0.000147    0.000093    0.000054
0    137    0.000147    0.000094    0.000053
0    138    0.000178    0.000094    0.000084
0    139    0.000150    0.000095    0.000055
0    140    0.000165    0.000096    0.000069
0    141    0.000178    0.000097    0.000081
0    142    0.000170    0.000098    0.000072
0    143    0.000156    0.000099    0.000057
0    144    0.000170    0.000099    0.000071
0    145    0.000170    0.000100    0.000070
0    146    0.000174    0.000102    0.000072
0    147    0.000192    0.000102    0.000090
0    148    0.000167    0.000102    0.000065
0    149    0.000184    0.000104    0.000080
0    150    0.000181    0.000104    0.000077
1    20    0.000005    0.000010    0.000005
1    21    0.000004    0.000011    0.000007
1    22    0.000006    0.000011    0.000005
1    23    0.000007    0.000012    0.000005
1    24    0.000006    0.000012    0.000006
1    25    0.000006    0.000012    0.000006
1    26    0.000006    0.000013    0.000007
1    27    0.000006    0.000023    0.000017
1    28    0.000006    0.000015    0.000009
1    29    0.000009    0.000015    0.000006
1    30    0.000008    0.000016    0.000008
1    31    0.000008    0.000016    0.000008
1    32    0.000011    0.000017    0.000006
1    33    0.000010    0.000018    0.000008
1    34    0.000010    0.000019    0.000009
1    35    0.000011    0.000019    0.000008
1    36    0.000012    0.000019    0.000007
1    37    0.000012    0.000021    0.000009
1    38    0.000015    0.000021    0.000006
1    39    0.000014    0.000021    0.000007
1    40    0.000014    0.000022    0.000008
1    41    0.000016    0.000022    0.000006
1    42    0.000015    0.000024    0.000009
1    43    0.000019    0.000024    0.000005
1    44    0.000019    0.000025    0.000006
1    45    0.000015    0.000025    0.000010
1    46    0.000023    0.000026    0.000003
1    47    0.000021    0.000026    0.000005
1    48    0.000019    0.000027    0.000008
1    49    0.000021    0.000028    0.000007
1    50    0.000024    0.000028    0.000004
1    51    0.000023    0.000030    0.000007
1    52    0.000028    0.000030    0.000002
1    53    0.000024    0.000031    0.000007
1    54    0.000021    0.000031    0.000010
1    55    0.000026    0.000032    0.000006
1    56    0.000031    0.000032    0.000001
1    57    0.000028    0.000033    0.000005
1    58    0.000031    0.000034    0.000003
1    59    0.000025    0.000036    0.000011
1    60    0.000035    0.000036    0.000001
1    61    0.000032    0.000036    0.000004
1    62    0.000035    0.000037    0.000002
1    63    0.000030    0.000038    0.000008
1    64    0.000033    0.000038    0.000005
1    65    0.000037    0.000040    0.000003
1    66    0.000039    0.000040    0.000001
1    67    0.000041    0.000041    0.000000
1    68    0.000038    0.000041    0.000003
1    69    0.000041    0.000042    0.000001
1    70    0.000045    0.000043    0.000002
1    71    0.000042    0.000044    0.000002
1    72    0.000043    0.000045    0.000002
1    73    0.000050    0.000046    0.000004
1    74    0.000048    0.000045    0.000003
1    75    0.000053    0.000047    0.000006
1    76    0.000052    0.000047    0.000005
1    77    0.000056    0.000048    0.000008
1    78    0.000052    0.000049    0.000003
1    79    0.000053    0.000048    0.000005
1    80    0.000057    0.000050    0.000007
1    81    0.000055    0.000050    0.000005
1    82    0.000060    0.000051    0.000009
1    83    0.000064    0.000052    0.000012
1    84    0.000055    0.000053    0.000002
1    85    0.000056    0.000053    0.000003
1    86    0.000056    0.000055    0.000001
1    87    0.000067    0.000055    0.000012
1    88    0.000067    0.000055    0.000012
1    89    0.000063    0.000057    0.000006
1    90    0.000072    0.000058    0.000014
1    91    0.000065    0.000059    0.000006
1    92    0.000066    0.000058    0.000008
1    93    0.000077    0.000060    0.000017
1    94    0.000075    0.000060    0.000015
1    95    0.000077    0.000060    0.000017
1    96    0.000078    0.000061    0.000017
1    97    0.000087    0.000062    0.000025
1    98    0.000088    0.000064    0.000024
1    99    0.000093    0.000064    0.000029
1    100    0.000090    0.000065    0.000025
1    101    0.000088    0.000065    0.000023
1    102    0.000087    0.000067    0.000020
1    103    0.000084    0.000068    0.000016
1    104    0.000097    0.000068    0.000029
1    105    0.000104    0.000068    0.000036
1    106    0.000104    0.000069    0.000035
1    107    0.000095    0.000071    0.000024
1    108    0.000099    0.000072    0.000027
1    109    0.000105    0.000072    0.000033
1    110    0.000105    0.000073    0.000032
1    111    0.000099    0.000074    0.000025
1    112    0.000104    0.000075    0.000029
1    113    0.000093    0.000075    0.000018
1    114    0.000111    0.000077    0.000034
1    115    0.000111    0.000076    0.000035
1    116    0.000105    0.000077    0.000028
1    117    0.000130    0.000078    0.000052
1    118    0.000120    0.000079    0.000041
1    119    0.000118    0.000081    0.000037
1    120    0.000106    0.000080    0.000026
1    121    0.000118    0.000081    0.000037
1    122    0.000125    0.000082    0.000043
1    123    0.000122    0.000082    0.000040
1    124    0.000130    0.000084    0.000046
1    125    0.000114    0.000084    0.000030
1    126    0.000137    0.000085    0.000052
1    127    0.000138    0.000085    0.000053
1    128    0.000137    0.000086    0.000051
1    129    0.000137    0.000087    0.000050
1    130    0.000157    0.000087    0.000070
1    131    0.000151    0.000088    0.000063
1    132    0.000160    0.000090    0.000070
1    133    0.000152    0.000091    0.000061
1    134    0.000155    0.000092    0.000063
1    135    0.000168    0.000093    0.000075
1    136    0.000159    0.000093    0.000066
1    137    0.000140    0.000094    0.000046
1    138    0.000162    0.000094    0.000068
1    139    0.000170    0.000096    0.000074
1    140    0.000164    0.000097    0.000067
1    141    0.000167    0.000097    0.000070
1    142    0.000170    0.000097    0.000073
1    143    0.000204    0.000099    0.000105
1    144    0.000158    0.000099    0.000059
1    145    0.000165    0.000101    0.000064
1    146    0.000170    0.000101    0.000069
1    147    0.000170    0.000101    0.000069
1    148    0.000203    0.000103    0.000100
1    149    0.000184    0.000104    0.000080
1    150    0.000193    0.000105    0.000088
2    20    0.000004    0.000010    0.000006
2    21    0.000005    0.000010    0.000005
2    22    0.000006    0.000011    0.000005
2    23    0.000006    0.000011    0.000005
2    24    0.000005    0.000011    0.000006
2    25    0.000008    0.000012    0.000004
2    26    0.000006    0.000014    0.000008
2    27    0.000007    0.000014    0.000007
2    28    0.000007    0.000014    0.000007
2    29    0.000008    0.000015    0.000007
2    30    0.000007    0.000016    0.000009
2    31    0.000011    0.000016    0.000005
2    32    0.000009    0.000017    0.000008
2    33    0.000009    0.000018    0.000009
2    34    0.000013    0.000018    0.000005
2    35    0.000012    0.000019    0.000007
2    36    0.000013    0.000020    0.000007
2    37    0.000013    0.000020    0.000007
2    38    0.000015    0.000021    0.000006
2    39    0.000014    0.000021    0.000007
2    40    0.000017    0.000022    0.000005
2    41    0.000017    0.000023    0.000006
2    42    0.000018    0.000024    0.000006
2    43    0.000017    0.000024    0.000007
2    44    0.000017    0.000025    0.000008
2    45    0.000017    0.000025    0.000008
2    46    0.000018    0.000026    0.000008
2    47    0.000025    0.000027    0.000002
2    48    0.000020    0.000027    0.000007
2    49    0.000028    0.000028    0.000000
2    50    0.000024    0.000028    0.000004
2    51    0.000022    0.000030    0.000008
2    52    0.000026    0.000029    0.000003
2    53    0.000024    0.000030    0.000006
2    54    0.000029    0.000031    0.000002
2    55    0.000024    0.000032    0.000008
2    56    0.000030    0.000033    0.000003
2    57    0.000030    0.000033    0.000003
2    58    0.000028    0.000034    0.000006
2    59    0.000029    0.000035    0.000006
2    60    0.000034    0.000036    0.000002
2    61    0.000032    0.000036    0.000004
2    62    0.000031    0.000037    0.000006
2    63    0.000036    0.000038    0.000002
2    64    0.000037    0.000038    0.000001
2    65    0.000037    0.000039    0.000002
2    66    0.000035    0.000039    0.000004
2    67    0.000038    0.000041    0.000003
2    68    0.000041    0.000042    0.000001
2    69    0.000045    0.000042    0.000003
2    70    0.000041    0.000043    0.000002
2    71    0.000043    0.000044    0.000001
2    72    0.000043    0.000045    0.000002
2    73    0.000050    0.000045    0.000005
2    74    0.000046    0.000046    0.000000
2    75    0.000048    0.000047    0.000001
2    76    0.000048    0.000047    0.000001
2    77    0.000049    0.000047    0.000002
2    78    0.000049    0.000048    0.000001
2    79    0.000056    0.000049    0.000007
2    80    0.000055    0.000050    0.000005
2    81    0.000055    0.000051    0.000004
2    82    0.000057    0.000052    0.000005
2    83    0.000059    0.000052    0.000007
2    84    0.000056    0.000053    0.000003
2    85    0.000059    0.000054    0.000005
2    86    0.000054    0.000055    0.000001
2    87    0.000069    0.000056    0.000013
2    88    0.000072    0.000056    0.000016
2    89    0.000064    0.000057    0.000007
2    90    0.000067    0.000057    0.000010
2    91    0.000071    0.000058    0.000013
2    92    0.000072    0.000058    0.000014
2    93    0.000065    0.000070    0.000005
2    94    0.000077    0.000060    0.000017
2    95    0.000078    0.000060    0.000018
2    96    0.000079    0.000061    0.000018
2    97    0.000084    0.000062    0.000022
2    98    0.000083    0.000063    0.000020
2    99    0.000090    0.000064    0.000026
2    100    0.000095    0.000064    0.000031
2    101    0.000085    0.000066    0.000019
2    102    0.000091    0.000065    0.000026
2    103    0.000087    0.000067    0.000020
2    104    0.000097    0.000068    0.000029
2    105    0.000083    0.000069    0.000014
2    106    0.000107    0.000069    0.000038
2    107    0.000110    0.000070    0.000040
2    108    0.000095    0.000070    0.000025
2    109    0.000093    0.000072    0.000021
2    110    0.000091    0.000073    0.000018
2    111    0.000098    0.000073    0.000025
2    112    0.000102    0.000074    0.000028
2    113    0.000114    0.000076    0.000038
2    114    0.000119    0.000076    0.000043
2    115    0.000119    0.000076    0.000043
2    116    0.000124    0.000077    0.000047
2    117    0.000121    0.000079    0.000042
2    118    0.000121    0.000079    0.000042
2    119    0.000136    0.000080    0.000056
2    120    0.000124    0.000080    0.000044
2    121    0.000132    0.000082    0.000050
2    122    0.000133    0.000081    0.000052
2    123    0.000132    0.000082    0.000050
2    124    0.000119    0.000084    0.000035
2    125    0.000138    0.000084    0.000054
2    126    0.000139    0.000085    0.000054
2    127    0.000132    0.000085    0.000047
2    128    0.000123    0.000085    0.000038
2    129    0.000140    0.000087    0.000053
2    130    0.000132    0.000087    0.000045
2    131    0.000140    0.000089    0.000051
2    132    0.000142    0.000090    0.000052
2    133    0.000143    0.000091    0.000052
2    134    0.000159    0.000091    0.000068
2    135    0.000169    0.000093    0.000076
2    136    0.000143    0.000094    0.000049
2    137    0.000172    0.000094    0.000078
2    138    0.000161    0.000095    0.000066
2    139    0.000170    0.000095    0.000075
2    140    0.000156    0.000096    0.000060
2    141    0.000158    0.000097    0.000061
2    142    0.000177    0.000098    0.000079
2    143    0.000160    0.000099    0.000061
2    144    0.000158    0.000100    0.000058
2    145    0.000180    0.000099    0.000081
2    146    0.000176    0.000101    0.000075
2    147    0.000193    0.000101    0.000092
2    148    0.000175    0.000102    0.000073
2    149    0.000185    0.000103    0.000082
2    150    0.000190    0.000103    0.000087
3    20    0.000005    0.000009    0.000004
3    21    0.000005    0.000010    0.000005
3    22    0.000004    0.000011    0.000007
3    23    0.000007    0.000012    0.000005
3    24    0.000006    0.000012    0.000006
3    25    0.000006    0.000013    0.000007
3    26    0.000006    0.000013    0.000007
3    27    0.000007    0.000013    0.000006
3    28    0.000008    0.000014    0.000006
3    29    0.000008    0.000015    0.000007
3    30    0.000009    0.000015    0.000006
3    31    0.000008    0.000016    0.000008
3    32    0.000011    0.000017    0.000006
3    33    0.000012    0.000017    0.000005
3    34    0.000010    0.000018    0.000008
3    35    0.000013    0.000019    0.000006
3    36    0.000011    0.000019    0.000008
3    37    0.000014    0.000020    0.000006
3    38    0.000012    0.000020    0.000008
3    39    0.000015    0.000022    0.000007
3    40    0.000016    0.000022    0.000006
3    41    0.000015    0.000022    0.000007
3    42    0.000018    0.000024    0.000006
3    43    0.000019    0.000025    0.000006
3    44    0.000018    0.000025    0.000007
3    45    0.000016    0.000025    0.000009
3    46    0.000019    0.000027    0.000008
3    47    0.000021    0.000027    0.000006
3    48    0.000023    0.000028    0.000005
3    49    0.000021    0.000028    0.000007
3    50    0.000021    0.000029    0.000008
3    51    0.000025    0.000030    0.000005
3    52    0.000022    0.000029    0.000007
3    53    0.000024    0.000031    0.000007
3    54    0.000026    0.000031    0.000005
3    55    0.000023    0.000032    0.000009
3    56    0.000026    0.000033    0.000007
3    57    0.000027    0.000034    0.000007
3    58    0.000030    0.000035    0.000005
3    59    0.000036    0.000036    0.000000
3    60    0.000032    0.000036    0.000004
3    61    0.000035    0.000037    0.000002
3    62    0.000029    0.000037    0.000008
3    63    0.000036    0.000038    0.000002
3    64    0.000035    0.000039    0.000004
3    65    0.000032    0.000039    0.000007
3    66    0.000036    0.000041    0.000005
3    67    0.000038    0.000041    0.000003
3    68    0.000045    0.000042    0.000003
3    69    0.000037    0.000043    0.000006
3    70    0.000039    0.000043    0.000004
3    71    0.000039    0.000044    0.000005
3    72    0.000042    0.000045    0.000003
3    73    0.000045    0.000045    0.000000
3    74    0.000044    0.000055    0.000011
3    75    0.000058    0.000047    0.000011
3    76    0.000045    0.000047    0.000002
3    77    0.000049    0.000048    0.000001
3    78    0.000055    0.000048    0.000007
3    79    0.000051    0.000049    0.000002
3    80    0.000060    0.000050    0.000010
3    81    0.000055    0.000051    0.000004
3    82    0.000062    0.000051    0.000011
3    83    0.000058    0.000052    0.000006
3    84    0.000055    0.000053    0.000002
3    85    0.000062    0.000054    0.000008
3    86    0.000063    0.000055    0.000008
3    87    0.000069    0.000055    0.000014
3    88    0.000065    0.000056    0.000009
3    89    0.000067    0.000057    0.000010
3    90    0.000067    0.000058    0.000009
3    91    0.000067    0.000057    0.000010
3    92    0.000072    0.000058    0.000014
3    93    0.000074    0.000059    0.000015
3    94    0.000080    0.000060    0.000020
3    95    0.000075    0.000061    0.000014
3    96    0.000069    0.000061    0.000008
3    97    0.000090    0.000061    0.000029
3    98    0.000082    0.000063    0.000019
3    99    0.000097    0.000064    0.000033
3    100    0.000086    0.000065    0.000021
3    101    0.000091    0.000066    0.000025
3    102    0.000095    0.000066    0.000029
3    103    0.000084    0.000067    0.000017
3    104    0.000091    0.000067    0.000024
3    105    0.000090    0.000069    0.000021
3    106    0.000096    0.000069    0.000027
3    107    0.000094    0.000069    0.000025
3    108    0.000092    0.000071    0.000021
3    109    0.000108    0.000072    0.000036
3    110    0.000105    0.000073    0.000032
3    111    0.000102    0.000074    0.000028
3    112    0.000111    0.000074    0.000037
3    113    0.000101    0.000075    0.000026
3    114    0.000108    0.000076    0.000032
3    115    0.000110    0.000076    0.000034
3    116    0.000121    0.000078    0.000043
3    117    0.000121    0.000078    0.000043
3    118    0.000110    0.000079    0.000031
3    119    0.000122    0.000081    0.000041
3    120    0.000113    0.000081    0.000032
3    121    0.000121    0.000082    0.000039
3    122    0.000115    0.000082    0.000033
3    123    0.000124    0.000082    0.000042
3    124    0.000131    0.000083    0.000048
3    125    0.000135    0.000083    0.000052
3    126    0.000129    0.000085    0.000044
3    127    0.000126    0.000085    0.000041
3    128    0.000149    0.000086    0.000063
3    129    0.000146    0.000087    0.000059
3    130    0.000150    0.000087    0.000063
3    131    0.000135    0.000089    0.000046
3    132    0.000149    0.000090    0.000059
3    133    0.000150    0.000091    0.000059
3    134    0.000153    0.000091    0.000062
3    135    0.000157    0.000093    0.000064
3    136    0.000161    0.000094    0.000067
3    137    0.000165    0.000094    0.000071
3    138    0.000163    0.000095    0.000068
3    139    0.000166    0.000096    0.000070
3    140    0.000160    0.000096    0.000064
3    141    0.000169    0.000097    0.000072
3    142    0.000161    0.000098    0.000063
3    143    0.000174    0.000099    0.000075
3    144    0.000168    0.000099    0.000069
3    145    0.000175    0.000101    0.000074
3    146    0.000169    0.000101    0.000068
3    147    0.000166    0.000102    0.000064
3    148    0.000192    0.000102    0.000090
3    149    0.000184    0.000102    0.000082
3    150    0.000184    0.000105    0.000079
4    20    0.000005    0.000009    0.000004
4    21    0.000006    0.000010    0.000004
4    22    0.000006    0.000011    0.000005
4    23    0.000005    0.000011    0.000006
4    24    0.000006    0.000012    0.000006
4    25    0.000008    0.000013    0.000005
4    26    0.000007    0.000013    0.000006
4    27    0.000008    0.000013    0.000005
4    28    0.000008    0.000014    0.000006
4    29    0.000009    0.000015    0.000006
4    30    0.000009    0.000016    0.000007
4    31    0.000009    0.000016    0.000007
4    32    0.000011    0.000017    0.000006
4    33    0.000010    0.000017    0.000007
4    34    0.000009    0.000019    0.000010
4    35    0.000012    0.000019    0.000007
4    36    0.000011    0.000019    0.000008
4    37    0.000015    0.000020    0.000005
4    38    0.000013    0.000021    0.000008
4    39    0.000016    0.000021    0.000005
4    40    0.000017    0.000022    0.000005
4    41    0.000014    0.000022    0.000008
4    42    0.000016    0.000023    0.000007
4    43    0.000015    0.000024    0.000009
4    44    0.000019    0.000025    0.000006
4    45    0.000022    0.000026    0.000004
4    46    0.000018    0.000026    0.000008
4    47    0.000018    0.000026    0.000008
4    48    0.000020    0.000027    0.000007
4    49    0.000021    0.000027    0.000006
4    50    0.000018    0.000029    0.000011
4    51    0.000024    0.000029    0.000005
4    52    0.000024    0.000030    0.000006
4    53    0.000022    0.000030    0.000008
4    54    0.000027    0.000031    0.000004
4    55    0.000025    0.000032    0.000007
4    56    0.000028    0.000033    0.000005
4    57    0.000027    0.000033    0.000006
4    58    0.000033    0.000034    0.000001
4    59    0.000035    0.000035    0.000000
4    60    0.000037    0.000036    0.000001
4    61    0.000032    0.000036    0.000004
4    62    0.000036    0.000038    0.000002
4    63    0.000032    0.000038    0.000006
4    64    0.000036    0.000039    0.000003
4    65    0.000038    0.000039    0.000001
4    66    0.000038    0.000039    0.000001
4    67    0.000039    0.000041    0.000002
4    68    0.000038    0.000042    0.000004
4    69    0.000044    0.000042    0.000002
4    70    0.000039    0.000044    0.000005
4    71    0.000036    0.000044    0.000008
4    72    0.000044    0.000044    0.000000
4    73    0.000049    0.000045    0.000004
4    74    0.000048    0.000046    0.000002
4    75    0.000053    0.000047    0.000006
4    76    0.000057    0.000048    0.000009
4    77    0.000058    0.000049    0.000009
4    78    0.000050    0.000048    0.000002
4    79    0.000054    0.000050    0.000004
4    80    0.000053    0.000050    0.000003
4    81    0.000058    0.000050    0.000008
4    82    0.000057    0.000051    0.000006
4    83    0.000064    0.000053    0.000011
4    84    0.000062    0.000053    0.000009
4    85    0.000062    0.000054    0.000008
4    86    0.000063    0.000055    0.000008
4    87    0.000063    0.000055    0.000008
4    88    0.000061    0.000056    0.000005
4    89    0.000076    0.000058    0.000018
4    90    0.000075    0.000057    0.000018
4    91    0.000075    0.000058    0.000017
4    92    0.000066    0.000059    0.000007
4    93    0.000071    0.000059    0.000012
4    94    0.000078    0.000060    0.000018
4    95    0.000075    0.000060    0.000015
4    96    0.000079    0.000062    0.000017
4    97    0.000083    0.000062    0.000021
4    98    0.000083    0.000063    0.000020
4    99    0.000086    0.000064    0.000022
4    100    0.000091    0.000064    0.000027
4    101    0.000081    0.000067    0.000014
4    102    0.000092    0.000066    0.000026
4    103    0.000089    0.000068    0.000021
4    104    0.000095    0.000068    0.000027
4    105    0.000084    0.000069    0.000015
4    106    0.000096    0.000069    0.000027
4    107    0.000100    0.000070    0.000030
4    108    0.000104    0.000071    0.000033
4    109    0.000100    0.000073    0.000027
4    110    0.000088    0.000073    0.000015
4    111    0.000099    0.000073    0.000026
4    112    0.000100    0.000074    0.000026
4    113    0.000100    0.000076    0.000024
4    114    0.000102    0.000076    0.000026
4    115    0.000122    0.000076    0.000046
4    116    0.000129    0.000077    0.000052
4    117    0.000114    0.000078    0.000036
4    118    0.000117    0.000079    0.000038
4    119    0.000118    0.000079    0.000039
4    120    0.000112    0.000080    0.000032
4    121    0.000134    0.000082    0.000052
4    122    0.000130    0.000082    0.000048
4    123    0.000124    0.000082    0.000042
4    124    0.000133    0.000083    0.000050
4    125    0.000120    0.000083    0.000037
4    126    0.000143    0.000085    0.000058
4    127    0.000127    0.000085    0.000042
4    128    0.000150    0.000087    0.000063
4    129    0.000131    0.000087    0.000044
4    130    0.000136    0.000089    0.000047
4    131    0.000139    0.000089    0.000050
4    132    0.000152    0.000090    0.000062
4    133    0.000158    0.000091    0.000067
4    134    0.000142    0.000092    0.000050
4    135    0.000159    0.000092    0.000067
4    136    0.000154    0.000094    0.000060
4    137    0.000164    0.000094    0.000070
4    138    0.000158    0.000094    0.000064
4    139    0.000169    0.000095    0.000074
4    140    0.000163    0.000097    0.000066
4    141    0.000160    0.000096    0.000064
4    142    0.000170    0.000098    0.000072
4    143    0.000167    0.000098    0.000069
4    144    0.000174    0.000099    0.000075
4    145    0.000169    0.000100    0.000069
4    146    0.000162    0.000101    0.000061
4    147    0.000185    0.000102    0.000083
4    148    0.000169    0.000103    0.000066
4    149    0.000194    0.000103    0.000091
4    150    0.000183    0.000104    0.000079
5    20    0.000004    0.000009    0.000005
5    21    0.000005    0.000011    0.000006
5    22    0.000005    0.000011    0.000006
5    23    0.000005    0.000012    0.000007
5    24    0.000005    0.000012    0.000007
5    25    0.000007    0.000013    0.000006
5    26    0.000007    0.000013    0.000006
5    27    0.000007    0.000014    0.000007
5    28    0.000008    0.000014    0.000006
5    29    0.000009    0.000015    0.000006
5    30    0.000010    0.000016    0.000006
5    31    0.000010    0.000017    0.000007
5    32    0.000009    0.000016    0.000007
5    33    0.000010    0.000018    0.000008
5    34    0.000013    0.000019    0.000006
5    35    0.000012    0.000019    0.000007
5    36    0.000014    0.000019    0.000005
5    37    0.000014    0.000020    0.000006
5    38    0.000014    0.000022    0.000008
5    39    0.000014    0.000022    0.000008
5    40    0.000013    0.000022    0.000009
5    41    0.000016    0.000022    0.000006
5    42    0.000016    0.000023    0.000007
5    43    0.000016    0.000024    0.000008
5    44    0.000015    0.000025    0.000010
5    45    0.000022    0.000025    0.000003
5    46    0.000021    0.000026    0.000005
5    47    0.000022    0.000027    0.000005
5    48    0.000020    0.000027    0.000007
5    49    0.000025    0.000028    0.000003
5    50    0.000024    0.000028    0.000004
5    51    0.000022    0.000030    0.000008
5    52    0.000021    0.000030    0.000009
5    53    0.000027    0.000030    0.000003
5    54    0.000026    0.000031    0.000005
5    55    0.000028    0.000033    0.000005
5    56    0.000029    0.000033    0.000004
5    57    0.000028    0.000034    0.000006
5    58    0.000029    0.000034    0.000005
5    59    0.000027    0.000035    0.000008
5    60    0.000032    0.000036    0.000004
5    61    0.000032    0.000038    0.000006
5    62    0.000034    0.000038    0.000004
5    63    0.000032    0.000037    0.000005
5    64    0.000039    0.000037    0.000002
5    65    0.000038    0.000039    0.000001
5    66    0.000038    0.000040    0.000002
5    67    0.000040    0.000041    0.000001
5    68    0.000035    0.000042    0.000007
5    69    0.000040    0.000042    0.000002
5    70    0.000047    0.000043    0.000004
5    71    0.000040    0.000044    0.000004
5    72    0.000043    0.000044    0.000001
5    73    0.000051    0.000045    0.000006
5    74    0.000050    0.000046    0.000004
5    75    0.000049    0.000047    0.000002
5    76    0.000057    0.000047    0.000010
5    77    0.000048    0.000048    0.000000
5    78    0.000049    0.000049    0.000000
5    79    0.000056    0.000049    0.000007
5    80    0.000054    0.000050    0.000004
5    81    0.000055    0.000050    0.000005
5    82    0.000060    0.000051    0.000009
5    83    0.000057    0.000052    0.000005
5    84    0.000069    0.000053    0.000016
5    85    0.000061    0.000054    0.000007
5    86    0.000068    0.000054    0.000014
5    87    0.000062    0.000056    0.000006
5    88    0.000071    0.000055    0.000016
5    89    0.000065    0.000057    0.000008
5    90    0.000068    0.000058    0.000010
5    91    0.000068    0.000058    0.000010
5    92    0.000074    0.000059    0.000015
5    93    0.000071    0.000060    0.000011
5    94    0.000074    0.000061    0.000013
5    95    0.000088    0.000060    0.000028
5    96    0.000078    0.000061    0.000017
5    97    0.000086    0.000062    0.000024
5    98    0.000079    0.000072    0.000007
5    99    0.000079    0.000065    0.000014
5    100    0.000082    0.000064    0.000018
5    101    0.000089    0.000065    0.000024
5    102    0.000092    0.000066    0.000026
5    103    0.000081    0.000067    0.000014
5    104    0.000089    0.000068    0.000021
5    105    0.000103    0.000069    0.000034
5    106    0.000090    0.000069    0.000021
5    107    0.000094    0.000071    0.000023
5    108    0.000095    0.000071    0.000024
5    109    0.000104    0.000073    0.000031
5    110    0.000104    0.000073    0.000031
5    111    0.000109    0.000073    0.000036
5    112    0.000107    0.000074    0.000033
5    113    0.000099    0.000076    0.000023
5    114    0.000104    0.000076    0.000028
5    115    0.000102    0.000076    0.000026
5    116    0.000115    0.000078    0.000037
5    117    0.000129    0.000078    0.000051
5    118    0.000123    0.000078    0.000045
5    119    0.000125    0.000080    0.000045
5    120    0.000134    0.000080    0.000054
5    121    0.000118    0.000081    0.000037
5    122    0.000127    0.000082    0.000045
5    123    0.000118    0.000083    0.000035
5    124    0.000137    0.000083    0.000054
5    125    0.000122    0.000083    0.000039
5    126    0.000136    0.000084    0.000052
5    127    0.000128    0.000085    0.000043
5    128    0.000135    0.000086    0.000049
5    129    0.000148    0.000087    0.000061
5    130    0.000132    0.000087    0.000045
5    131    0.000161    0.000088    0.000073
5    132    0.000145    0.000090    0.000055
5    133    0.000154    0.000091    0.000063
5    134    0.000137    0.000091    0.000046
5    135    0.000153    0.000092    0.000061
5    136    0.000172    0.000092    0.000080
5    137    0.000150    0.000095    0.000055
5    138    0.000172    0.000094    0.000078
5    139    0.000156    0.000095    0.000061
5    140    0.000152    0.000095    0.000057
5    141    0.000162    0.000097    0.000065
5    142    0.000167    0.000097    0.000070
5    143    0.000176    0.000098    0.000078
5    144    0.000188    0.000099    0.000089
5    145    0.000173    0.000100    0.000073
5    146    0.000176    0.000101    0.000075
5    147    0.000193    0.000102    0.000091
5    148    0.000188    0.000102    0.000086
5    149    0.000185    0.000103    0.000082
5    150    0.000205    0.000103    0.000102
6    20    0.000004    0.000010    0.000006
6    21    0.000004    0.000010    0.000006
6    22    0.000005    0.000011    0.000006
6    23    0.000005    0.000012    0.000007
6    24    0.000007    0.000012    0.000005
6    25    0.000007    0.000012    0.000005
6    26    0.000008    0.000013    0.000005
6    27    0.000007    0.000014    0.000007
6    28    0.000008    0.000015    0.000007
6    29    0.000008    0.000016    0.000008
6    30    0.000009    0.000016    0.000007
6    31    0.000010    0.000016    0.000006
6    32    0.000011    0.000016    0.000005
6    33    0.000009    0.000017    0.000008
6    34    0.000011    0.000018    0.000007
6    35    0.000011    0.000019    0.000008
6    36    0.000012    0.000020    0.000008
6    37    0.000013    0.000020    0.000007
6    38    0.000013    0.000020    0.000007
6    39    0.000015    0.000022    0.000007
6    40    0.000015    0.000022    0.000007
6    41    0.000014    0.000022    0.000008
6    42    0.000018    0.000023    0.000005
6    43    0.000017    0.000024    0.000007
6    44    0.000020    0.000025    0.000005
6    45    0.000017    0.000026    0.000009
6    46    0.000020    0.000026    0.000006
6    47    0.000019    0.000027    0.000008
6    48    0.000021    0.000027    0.000006
6    49    0.000020    0.000028    0.000008
6    50    0.000023    0.000029    0.000006
6    51    0.000022    0.000030    0.000008
6    52    0.000024    0.000030    0.000006
6    53    0.000026    0.000031    0.000005
6    54    0.000027    0.000031    0.000004
6    55    0.000028    0.000032    0.000004
6    56    0.000029    0.000032    0.000003
6    57    0.000028    0.000033    0.000005
6    58    0.000029    0.000034    0.000005
6    59    0.000033    0.000035    0.000002
6    60    0.000034    0.000036    0.000002
6    61    0.000036    0.000037    0.000001
6    62    0.000034    0.000037    0.000003
6    63    0.000035    0.000038    0.000003
6    64    0.000036    0.000038    0.000002
6    65    0.000036    0.000039    0.000003
6    66    0.000041    0.000040    0.000001
6    67    0.000035    0.000040    0.000005
6    68    0.000041    0.000042    0.000001
6    69    0.000041    0.000043    0.000002
6    70    0.000043    0.000042    0.000001
6    71    0.000050    0.000043    0.000007
6    72    0.000049    0.000045    0.000004
6    73    0.000045    0.000045    0.000000
6    74    0.000054    0.000046    0.000008
6    75    0.000046    0.000046    0.000000
6    76    0.000054    0.000047    0.000007
6    77    0.000045    0.000048    0.000003
6    78    0.000056    0.000048    0.000008
6    79    0.000053    0.000049    0.000004
6    80    0.000056    0.000049    0.000007
6    81    0.000061    0.000050    0.000011
6    82    0.000054    0.000052    0.000002
6    83    0.000061    0.000052    0.000009
6    84    0.000062    0.000054    0.000008
6    85    0.000063    0.000053    0.000010
6    86    0.000067    0.000054    0.000013
6    87    0.000069    0.000055    0.000014
6    88    0.000068    0.000056    0.000012
6    89    0.000062    0.000057    0.000005
6    90    0.000076    0.000057    0.000019
6    91    0.000067    0.000059    0.000008
6    92    0.000080    0.000059    0.000021
6    93    0.000074    0.000059    0.000015
6    94    0.000074    0.000060    0.000014
6    95    0.000075    0.000061    0.000014
6    96    0.000076    0.000061    0.000015
6    97    0.000072    0.000062    0.000010
6    98    0.000085    0.000063    0.000022
6    99    0.000082    0.000063    0.000019
6    100    0.000078    0.000065    0.000013
6    101    0.000084    0.000065    0.000019
6    102    0.000082    0.000066    0.000016
6    103    0.000098    0.000067    0.000031
6    104    0.000094    0.000069    0.000025
6    105    0.000089    0.000068    0.000021
6    106    0.000090    0.000070    0.000020
6    107    0.000108    0.000070    0.000038
6    108    0.000092    0.000072    0.000020
6    109    0.000112    0.000072    0.000040
6    110    0.000101    0.000072    0.000029
6    111    0.000101    0.000074    0.000027
6    112    0.000112    0.000074    0.000038
6    113    0.000109    0.000074    0.000035
6    114    0.000113    0.000075    0.000038
6    115    0.000118    0.000076    0.000042
6    116    0.000113    0.000077    0.000036
6    117    0.000122    0.000079    0.000043
6    118    0.000128    0.000078    0.000050
6    119    0.000119    0.000079    0.000040
6    120    0.000140    0.000081    0.000059
6    121    0.000133    0.000080    0.000053
6    122    0.000125    0.000081    0.000044
6    123    0.000136    0.000083    0.000053
6    124    0.000136    0.000083    0.000053
6    125    0.000140    0.000084    0.000056
6    126    0.000131    0.000084    0.000047
6    127    0.000135    0.000085    0.000050
6    128    0.000128    0.000086    0.000042
6    129    0.000127    0.000087    0.000040
6    130    0.000154    0.000088    0.000066
6    131    0.000148    0.000089    0.000059
6    132    0.000137    0.000089    0.000048
6    133    0.000145    0.000090    0.000055
6    134    0.000151    0.000091    0.000060
6    135    0.000154    0.000091    0.000063
6    136    0.000145    0.000093    0.000052
6    137    0.000164    0.000094    0.000070
6    138    0.000147    0.000095    0.000052
6    139    0.000167    0.000096    0.000071
6    140    0.000157    0.000096    0.000061
6    141    0.000167    0.000096    0.000071
6    142    0.000166    0.000098    0.000068
6    143    0.000169    0.000098    0.000071
6    144    0.000168    0.000099    0.000069
6    145    0.000172    0.000099    0.000073
6    146    0.000193    0.000101    0.000092
6    147    0.000183    0.000102    0.000081
6    148    0.000173    0.000102    0.000071
6    149    0.000192    0.000103    0.000089
6    150    0.000189    0.000103    0.000086
7    20    0.000004    0.000010    0.000006
7    21    0.000005    0.000010    0.000005
7    22    0.000005    0.000011    0.000006
7    23    0.000005    0.000011    0.000006
7    24    0.000006    0.000012    0.000006
7    25    0.000006    0.000012    0.000006
7    26    0.000006    0.000013    0.000007
7    27    0.000008    0.000014    0.000006
7    28    0.000008    0.000015    0.000007
7    29    0.000010    0.000015    0.000005
7    30    0.000008    0.000015    0.000007
7    31    0.000010    0.000016    0.000006
7    32    0.000011    0.000017    0.000006
7    33    0.000010    0.000017    0.000007
7    34    0.000010    0.000018    0.000008
7    35    0.000011    0.000019    0.000008
7    36    0.000012    0.000020    0.000008
7    37    0.000013    0.000020    0.000007
7    38    0.000016    0.000021    0.000005
7    39    0.000015    0.000021    0.000006
7    40    0.000015    0.000022    0.000007
7    41    0.000016    0.000022    0.000006
7    42    0.000018    0.000024    0.000006
7    43    0.000016    0.000024    0.000008
7    44    0.000016    0.000025    0.000009
7    45    0.000020    0.000026    0.000006
7    46    0.000021    0.000025    0.000004
7    47    0.000019    0.000027    0.000008
7    48    0.000022    0.000028    0.000006
7    49    0.000022    0.000028    0.000006
7    50    0.000022    0.000029    0.000007
7    51    0.000022    0.000030    0.000008
7    52    0.000025    0.000031    0.000006
7    53    0.000028    0.000031    0.000003
7    54    0.000028    0.000032    0.000004
7    55    0.000027    0.000032    0.000005
7    56    0.000028    0.000032    0.000004
7    57    0.000026    0.000033    0.000007
7    58    0.000031    0.000034    0.000003
7    59    0.000037    0.000035    0.000002
7    60    0.000034    0.000036    0.000002
7    61    0.000034    0.000037    0.000003
7    62    0.000035    0.000037    0.000002
7    63    0.000036    0.000038    0.000002
7    64    0.000039    0.000039    0.000000
7    65    0.000032    0.000040    0.000008
7    66    0.000040    0.000041    0.000001
7    67    0.000042    0.000040    0.000002
7    68    0.000040    0.000042    0.000002
7    69    0.000040    0.000043    0.000003
7    70    0.000044    0.000043    0.000001
7    71    0.000044    0.000044    0.000000
7    72    0.000042    0.000044    0.000002
7    73    0.000039    0.000045    0.000006
7    74    0.000042    0.000046    0.000004
7    75    0.000047    0.000047    0.000000
7    76    0.000050    0.000047    0.000003
7    77    0.000053    0.000048    0.000005
7    78    0.000055    0.000049    0.000006
7    79    0.000048    0.000050    0.000002
7    80    0.000061    0.000050    0.000011
7    81    0.000060    0.000051    0.000009
7    82    0.000063    0.000052    0.000011
7    83    0.000054    0.000052    0.000002
7    84    0.000067    0.000053    0.000014
7    85    0.000067    0.000054    0.000013
7    86    0.000061    0.000055    0.000006
7    87    0.000071    0.000055    0.000016
7    88    0.000066    0.000056    0.000010
7    89    0.000072    0.000057    0.000015
7    90    0.000066    0.000057    0.000009
7    91    0.000071    0.000058    0.000013
7    92    0.000077    0.000059    0.000018
7    93    0.000068    0.000059    0.000009
7    94    0.000072    0.000060    0.000012
7    95    0.000081    0.000060    0.000021
7    96    0.000085    0.000062    0.000023
7    97    0.000083    0.000062    0.000021
7    98    0.000093    0.000063    0.000030
7    99    0.000084    0.000064    0.000020
7    100    0.000079    0.000064    0.000015
7    101    0.000079    0.000065    0.000014
7    102    0.000086    0.000065    0.000021
7    103    0.000086    0.000067    0.000019
7    104    0.000098    0.000068    0.000030
7    105    0.000090    0.000068    0.000022
7    106    0.000099    0.000069    0.000030
7    107    0.000097    0.000070    0.000027
7    108    0.000090    0.000072    0.000018
7    109    0.000091    0.000073    0.000018
7    110    0.000109    0.000073    0.000036
7    111    0.000110    0.000073    0.000037
7    112    0.000112    0.000074    0.000038
7    113    0.000119    0.000076    0.000043
7    114    0.000115    0.000075    0.000040
7    115    0.000111    0.000076    0.000035
7    116    0.000128    0.000077    0.000051
7    117    0.000114    0.000079    0.000035
7    118    0.000113    0.000079    0.000034
7    119    0.000121    0.000079    0.000042
7    120    0.000126    0.000080    0.000046
7    121    0.000139    0.000082    0.000057
7    122    0.000145    0.000081    0.000064
7    123    0.000133    0.000083    0.000050
7    124    0.000137    0.000083    0.000054
7    125    0.000125    0.000084    0.000041
7    126    0.000123    0.000085    0.000038
7    127    0.000132    0.000085    0.000047
7    128    0.000143    0.000086    0.000057
7    129    0.000147    0.000088    0.000059
7    130    0.000161    0.000088    0.000073
7    131    0.000143    0.000089    0.000054
7    132    0.000153    0.000090    0.000063
7    133    0.000137    0.000091    0.000046
7    134    0.000147    0.000092    0.000055
7    135    0.000164    0.000092    0.000072
7    136    0.000161    0.000093    0.000068
7    137    0.000139    0.000093    0.000046
7    138    0.000159    0.000095    0.000064
7    139    0.000154    0.000094    0.000060
7    140    0.000162    0.000096    0.000066
7    141    0.000166    0.000096    0.000070
7    142    0.000169    0.000099    0.000070
7    143    0.000151    0.000098    0.000053
7    144    0.000161    0.000099    0.000062
7    145    0.000169    0.000101    0.000068
7    146    0.000171    0.000101    0.000070
7    147    0.000155    0.000101    0.000054
7    148    0.000184    0.000106    0.000078
7    149    0.000185    0.000103    0.000082
7    150    0.000187    0.000104    0.000083
8    20    0.000005    0.000010    0.000005
8    21    0.000005    0.000010    0.000005
8    22    0.000005    0.000011    0.000006
8    23    0.000006    0.000011    0.000005
8    24    0.000007    0.000012    0.000005
8    25    0.000008    0.000013    0.000005
8    26    0.000007    0.000013    0.000006
8    27    0.000007    0.000013    0.000006
8    28    0.000008    0.000015    0.000007
8    29    0.000007    0.000016    0.000009
8    30    0.000009    0.000016    0.000007
8    31    0.000011    0.000016    0.000005
8    32    0.000011    0.000017    0.000006
8    33    0.000012    0.000018    0.000006
8    34    0.000014    0.000018    0.000004
8    35    0.000011    0.000019    0.000008
8    36    0.000013    0.000020    0.000007
8    37    0.000012    0.000020    0.000008
8    38    0.000015    0.000021    0.000006
8    39    0.000015    0.000021    0.000006
8    40    0.000012    0.000022    0.000010
8    41    0.000016    0.000023    0.000007
8    42    0.000015    0.000023    0.000008
8    43    0.000019    0.000025    0.000006
8    44    0.000018    0.000025    0.000007
8    45    0.000016    0.000026    0.000010
8    46    0.000021    0.000026    0.000005
8    47    0.000020    0.000027    0.000007
8    48    0.000023    0.000027    0.000004
8    49    0.000024    0.000028    0.000004
8    50    0.000019    0.000028    0.000009
8    51    0.000021    0.000030    0.000009
8    52    0.000024    0.000030    0.000006
8    53    0.000032    0.000031    0.000001
8    54    0.000024    0.000031    0.000007
8    55    0.000029    0.000033    0.000004
8    56    0.000027    0.000032    0.000005
8    57    0.000031    0.000033    0.000002
8    58    0.000033    0.000034    0.000001
8    59    0.000034    0.000036    0.000002
8    60    0.000035    0.000036    0.000001
8    61    0.000032    0.000036    0.000004
8    62    0.000035    0.000037    0.000002
8    63    0.000039    0.000037    0.000002
8    64    0.000036    0.000038    0.000002
8    65    0.000036    0.000039    0.000003
8    66    0.000041    0.000040    0.000001
8    67    0.000037    0.000041    0.000004
8    68    0.000036    0.000041    0.000005
8    69    0.000042    0.000043    0.000001
8    70    0.000045    0.000044    0.000001
8    71    0.000044    0.000043    0.000001
8    72    0.000044    0.000044    0.000000
8    73    0.000048    0.000045    0.000003
8    74    0.000049    0.000046    0.000003
8    75    0.000052    0.000046    0.000006
8    76    0.000053    0.000047    0.000006
8    77    0.000049    0.000048    0.000001
8    78    0.000051    0.000049    0.000002
8    79    0.000057    0.000049    0.000008
8    80    0.000056    0.000050    0.000006
8    81    0.000060    0.000050    0.000010
8    82    0.000060    0.000052    0.000008
8    83    0.000063    0.000053    0.000010
8    84    0.000069    0.000054    0.000015
8    85    0.000055    0.000054    0.000001
8    86    0.000066    0.000054    0.000012
8    87    0.000060    0.000055    0.000005
8    88    0.000070    0.000056    0.000014
8    89    0.000072    0.000057    0.000015
8    90    0.000073    0.000058    0.000015
8    91    0.000064    0.000059    0.000005
8    92    0.000074    0.000059    0.000015
8    93    0.000079    0.000060    0.000019
8    94    0.000082    0.000060    0.000022
8    95    0.000073    0.000061    0.000012
8    96    0.000072    0.000061    0.000011
8    97    0.000090    0.000062    0.000028
8    98    0.000077    0.000063    0.000014
8    99    0.000092    0.000063    0.000029
8    100    0.000088    0.000064    0.000024
8    101    0.000081    0.000066    0.000015
8    102    0.000081    0.000066    0.000015
8    103    0.000101    0.000067    0.000034
8    104    0.000094    0.000069    0.000025
8    105    0.000098    0.000068    0.000030
8    106    0.000100    0.000069    0.000031
8    107    0.000103    0.000071    0.000032
8    108    0.000109    0.000072    0.000037
8    109    0.000107    0.000072    0.000035
8    110    0.000106    0.000073    0.000033
8    111    0.000099    0.000074    0.000025
8    112    0.000117    0.000074    0.000043
8    113    0.000117    0.000075    0.000042
8    114    0.000106    0.000075    0.000031
8    115    0.000113    0.000077    0.000036
8    116    0.000117    0.000077    0.000040
8    117    0.000124    0.000078    0.000046
8    118    0.000125    0.000079    0.000046
8    119    0.000123    0.000080    0.000043
8    120    0.000125    0.000081    0.000044
8    121    0.000126    0.000082    0.000044
8    122    0.000134    0.000082    0.000052
8    123    0.000128    0.000082    0.000046
8    124    0.000129    0.000083    0.000046
8    125    0.000136    0.000083    0.000053
8    126    0.000139    0.000084    0.000055
8    127    0.000138    0.000086    0.000052
8    128    0.000134    0.000085    0.000049
8    129    0.000159    0.000087    0.000072
8    130    0.000144    0.000087    0.000057
8    131    0.000156    0.000088    0.000068
8    132    0.000140    0.000089    0.000051
8    133    0.000141    0.000091    0.000050
8    134    0.000159    0.000091    0.000068
8    135    0.000162    0.000093    0.000069
8    136    0.000165    0.000093    0.000072
8    137    0.000166    0.000094    0.000072
8    138    0.000144    0.000095    0.000049
8    139    0.000166    0.000098    0.000068
8    140    0.000162    0.000096    0.000066
8    141    0.000181    0.000097    0.000084
8    142    0.000172    0.000097    0.000075
8    143    0.000168    0.000098    0.000070
8    144    0.000175    0.000100    0.000075
8    145    0.000169    0.000100    0.000069
8    146    0.000191    0.000100    0.000091
8    147    0.000188    0.000101    0.000087
8    148    0.000179    0.000103    0.000076
8    149    0.000190    0.000103    0.000087
8    150    0.000195    0.000105    0.000090
9    20    0.000004    0.000010    0.000006
9    21    0.000005    0.000011    0.000006
9    22    0.000005    0.000011    0.000006
9    23    0.000006    0.000011    0.000005
9    24    0.000006    0.000011    0.000005
9    25    0.000007    0.000013    0.000006
9    26    0.000007    0.000013    0.000006
9    27    0.000008    0.000013    0.000005
9    28    0.000008    0.000015    0.000007
9    29    0.000009    0.000015    0.000006
9    30    0.000009    0.000015    0.000006
9    31    0.000010    0.000016    0.000006
9    32    0.000010    0.000017    0.000007
9    33    0.000011    0.000018    0.000007
9    34    0.000011    0.000018    0.000007
9    35    0.000011    0.000019    0.000008
9    36    0.000012    0.000019    0.000007
9    37    0.000011    0.000021    0.000010
9    38    0.000012    0.000021    0.000009
9    39    0.000015    0.000021    0.000006
9    40    0.000016    0.000022    0.000006
9    41    0.000015    0.000023    0.000008
9    42    0.000017    0.000023    0.000006
9    43    0.000016    0.000024    0.000008
9    44    0.000017    0.000025    0.000008
9    45    0.000018    0.000026    0.000008
9    46    0.000018    0.000026    0.000008
9    47    0.000021    0.000026    0.000005
9    48    0.000018    0.000027    0.000009
9    49    0.000023    0.000028    0.000005
9    50    0.000025    0.000028    0.000003
9    51    0.000023    0.000029    0.000006
9    52    0.000027    0.000030    0.000003
9    53    0.000026    0.000030    0.000004
9    54    0.000027    0.000031    0.000004
9    55    0.000029    0.000032    0.000003
9    56    0.000030    0.000033    0.000003
9    57    0.000030    0.000033    0.000003
9    58    0.000033    0.000035    0.000002
9    59    0.000029    0.000035    0.000006
9    60    0.000030    0.000036    0.000006
9    61    0.000035    0.000036    0.000001
9    62    0.000029    0.000037    0.000008
9    63    0.000035    0.000038    0.000003
9    64    0.000033    0.000038    0.000005
9    65    0.000032    0.000039    0.000007
9    66    0.000036    0.000040    0.000004
9    67    0.000037    0.000040    0.000003
9    68    0.000037    0.000041    0.000004
9    69    0.000047    0.000042    0.000005
9    70    0.000046    0.000044    0.000002
9    71    0.000047    0.000044    0.000003
9    72    0.000043    0.000045    0.000002
9    73    0.000039    0.000045    0.000006
9    74    0.000046    0.000046    0.000000
9    75    0.000046    0.000046    0.000000
9    76    0.000044    0.000048    0.000004
9    77    0.000053    0.000048    0.000005
9    78    0.000051    0.000048    0.000003
9    79    0.000058    0.000049    0.000009
9    80    0.000057    0.000050    0.000007
9    81    0.000057    0.000051    0.000006
9    82    0.000054    0.000052    0.000002
9    83    0.000056    0.000052    0.000004
9    84    0.000061    0.000053    0.000008
9    85    0.000064    0.000054    0.000010
9    86    0.000068    0.000054    0.000014
9    87    0.000069    0.000055    0.000014
9    88    0.000069    0.000056    0.000013
9    89    0.000069    0.000056    0.000013
9    90    0.000069    0.000056    0.000013
9    91    0.000067    0.000058    0.000009
9    92    0.000079    0.000059    0.000020
9    93    0.000074    0.000059    0.000015
9    94    0.000080    0.000061    0.000019
9    95    0.000085    0.000061    0.000024
9    96    0.000078    0.000061    0.000017
9    97    0.000081    0.000062    0.000019
9    98    0.000074    0.000063    0.000011
9    99    0.000091    0.000064    0.000027
9    100    0.000089    0.000065    0.000024
9    101    0.000098    0.000065    0.000033
9    102    0.000085    0.000066    0.000019
9    103    0.000093    0.000067    0.000026
9    104    0.000098    0.000067    0.000031
9    105    0.000099    0.000068    0.000031
9    106    0.000096    0.000070    0.000026
9    107    0.000097    0.000070    0.000027
9    108    0.000114    0.000071    0.000043
9    109    0.000100    0.000072    0.000028
9    110    0.000105    0.000073    0.000032
9    111    0.000113    0.000074    0.000039
9    112    0.000104    0.000075    0.000029
9    113    0.000100    0.000075    0.000025
9    114    0.000112    0.000075    0.000037
9    115    0.000120    0.000076    0.000044
9    116    0.000115    0.000077    0.000038
9    117    0.000116    0.000078    0.000038
9    118    0.000121    0.000079    0.000042
9    119    0.000125    0.000080    0.000045
9    120    0.000126    0.000080    0.000046
9    121    0.000113    0.000081    0.000032
9    122    0.000129    0.000082    0.000047
9    123    0.000143    0.000083    0.000060
9    124    0.000132    0.000082    0.000050
9    125    0.000134    0.000084    0.000050
9    126    0.000129    0.000084    0.000045
9    127    0.000125    0.000085    0.000040
9    128    0.000141    0.000086    0.000055
9    129    0.000120    0.000086    0.000034
9    130    0.000137    0.000089    0.000048
9    131    0.000148    0.000090    0.000058
9    132    0.000138    0.000090    0.000048
9    133    0.000149    0.000090    0.000059
9    134    0.000146    0.000092    0.000054
9    135    0.000156    0.000092    0.000064
9    136    0.000150    0.000094    0.000056
9    137    0.000166    0.000094    0.000072
9    138    0.000149    0.000094    0.000055
9    139    0.000151    0.000095    0.000056
9    140    0.000155    0.000096    0.000059
9    141    0.000152    0.000097    0.000055
9    142    0.000162    0.000097    0.000065
9    143    0.000180    0.000098    0.000082
9    144    0.000186    0.000099    0.000087
9    145    0.000173    0.000100    0.000073
9    146    0.000203    0.000101    0.000102
9    147    0.000175    0.000102    0.000073
9    148    0.000181    0.000103    0.000078
9    149    0.000182    0.000104    0.000078
9    150    0.000185    0.000104    0.000081
